 step= 1 Gamma=2.000000000000000 Add
 matrix F_:
  5.00000000000001E-001 -2.46913580200000E-008 -1.21932632174364E-015 -6.02136455067636E-023
 -2.46913580200000E-008  9.99999999999999E-001 -6.02136455067636E-023 -2.97351335779373E-030
 -1.21932632174364E-015 -6.02136455067636E-023  1.00000000000000E+000 -1.46840165789075E-037
 -6.02136455067636E-023 -2.97351335779373E-030 -1.46840165789075E-037  1.00000000000000E+000
 step= 1 Gamma=0.500000000000000 Del
 matrix F_:
  1.00000000000000E+000 -4.93827160400000E-008 -2.43865264348727E-015 -1.20427291013527E-022
 -4.93827160400000E-008  1.00000000000000E+000  4.99355510359077E-040 -2.12965892100146E-046
 -2.43865264348727E-015  4.99355510359077E-040  1.00000000000000E+000 -2.22879930735075E-053
 -1.20427291013527E-022 -2.12965892100146E-046 -2.22879930735075E-053  1.00000000000000E+000
 step= 2 Gamma=2.000000000000010 Add
 matrix F_:
  5.00000000000010E-001 -9.87517146699995E-008 -1.21891991759939E-014 -1.68507903748862E-021
 -9.87517146699995E-008  9.99999999999995E-001 -9.62749436810151E-022 -1.54490579856313E-028
 -1.21891991759939E-014 -9.62749436810151E-022  1.00000000000000E+000 -3.05124193223470E-035
 -1.68507903748862E-021 -1.54490579856313E-028 -3.05124193223470E-035  1.00000000000000E+000
 step= 2 Gamma=0.000000000000020 Del
 matrix F_:
  5.00000000000010E-001 -9.87517146699995E-008 -1.21891991759939E-014 -1.68507903748862E-021
 -9.87517146699995E-008  9.99999999999995E-001 -9.62749436810151E-022 -1.54490579856313E-028
 -1.21891991759939E-014 -9.62749436810151E-022  1.00000000000000E+000 -3.05124193223470E-035
 -1.68507903748862E-021 -1.54490579856313E-028 -3.05124193223470E-035  1.00000000000000E+000
 step= 3 Gamma=1.500000000000040 Add
 matrix F_:
  3.33333333333360E-001 -1.64563333833328E-007 -3.73682946266245E-014 -9.78452170370849E-021
 -1.64563333833328E-007  9.99999999999969E-001 -1.09052116808552E-020 -3.35271519696351E-027
 -3.73682946266245E-014 -1.09052116808552E-020  1.00000000000000E+000 -1.25413225926043E-033
 -9.78452170370849E-021 -3.35271519696351E-027 -1.25413225926043E-033  1.00000000000000E+000
 step= 3 Gamma=0.000000000000076 Del
 matrix F_:
  3.33333333333360E-001 -1.64563333833328E-007 -3.73682946266245E-014 -9.78452170370849E-021
 -1.64563333833328E-007  9.99999999999969E-001 -1.09052116808552E-020 -3.35271519696351E-027
 -3.73682946266245E-014 -1.09052116808552E-020  1.00000000000000E+000 -1.25413225926043E-033
 -9.78452170370849E-021 -3.35271519696351E-027 -1.25413225926043E-033  1.00000000000000E+000